[1]
((110(0101))(0010)1(0001))

[2]
((1010)(1010)(1010)(1010))

[3]
(((1010)(1010)(1010)(1010))((1010)(1010)(1010)(1010))((1010)(1010)(1010)(1010))((1010)(1010)(1010)(1010)))

[4]
((((1010)(1010)(1010)(1010))((1010)(1010)(1010)(1010))((1010)(1010)(1010)(1010))((1010)(1010)(1010)(1010)))(((1010)(1010)(1010)(1010))((1010)(1010)(1010)(1010))((1010)(1010)(1010)(1010))((1010)(1010)(1010)(1010)))(((1010)(1010)(1010)(1010))((1010)(1010)(1010)(1010))((1010)(1010)(1010)(1010))((1010)(1010)(1010)(1010)))(((1010)(1010)(1010)(1010))((1010)(1010)(1010)(1010))((1010)(1010)(1010)(1010))((1010)(1010)(1010)(1010))))

[5]
1