8
11110000
11110000
00011100
00011100
11110000
11110000
11110011
11110011
=
16
1111000011110000
1111000011110000
1111000011110000
1111000011110000
1111000011110000
1111000011110000
1111000011110000
1111000011110000
1111000011110000
1111000011110000
1111000011110000
1111000011110000
1111000011110000
1111000011110000
1111000011110000
1111000011110000
=
32
11110000111100001111000011110000
11110000111100001111000011110000
11110000111100001111000011110000
11110000111100001111000011110000
11110000111100001111000011110000
11110000111100001111000011110000
11110000111100001111000011110000
11110000111100001111000011110000
11110000111100001111000011110000
11110000111100001111000011110000
11110000111100001111000011110000
11110000111100001111000011110000
11110000111100001111000011110000
11110000111100001111000011110000
11110000111100001111000011110000
11110000111100001111000011110000
11110000111100001111000011110000
11110000111100001111000011110000
11110000111100001111000011110000
11110000111100001111000011110000
11110000111100001111000011110000
11110000111100001111000011110000
11110000111100001111000011110000
11110000111100001111000011110000
11110000111100001111000011110000
11110000111100001111000011110000
11110000111100001111000011110000
11110000111100001111000011110000
11110000111100001111000011110000
11110000111100001111000011110000
11110000111100001111000011110000
11110000111100001111000011110000
=
64
1111000011110000111100001111000011110000111100001111000011110000
1111000011110000111100001111000011110000111100001111000011110000
1111000011110000111100001111000011110000111100001111000011110000
1111000011110000111100001111000011110000111100001111000011110000
1111000011110000111100001111000011110000111100001111000011110000
1111000011110000111100001111000011110000111100001111000011110000
1111000011110000111100001111000011110000111100001111000011110000
1111000011110000111100001111000011110000111100001111000011110000
1111000011110000111100001111000011110000111100001111000011110000
1111000011110000111100001111000011110000111100001111000011110000
1111000011110000111100001111000011110000111100001111000011110000
1111000011110000111100001111000011110000111100001111000011110000
1111000011110000111100001111000011110000111100001111000011110000
1111000011110000111100001111000011110000111100001111000011110000
1111000011110000111100001111000011110000111100001111000011110000
1111000011110000111100001111000011110000111100001111000011110000
1111000011110000111100001111000011110000111100001111000011110000
1111000011110000111100001111000011110000111100001111000011110000
1111000011110000111100001111000011110000111100001111000011110000
1111000011110000111100001111000011110000111100001111000011110000
1111000011110000111100001111000011110000111100001111000011110000
1111000011110000111100001111000011110000111100001111000011110000
1111000011110000111100001111000011110000111100001111000011110000
1111000011110000111100001111000011110000111100001111000011110000
1111000011110000111100001111000011110000111100001111000011110000
1111000011110000111100001111000011110000111100001111000011110000
1111000011110000111100001111000011110000111100001111000011110000
1111000011110000111100001111000011110000111100001111000011110000
1111000011110000111100001111000011110000111100001111000011110000
1111000011110000111100001111000011110000111100001111000011110000
1111000011110000111100001111000011110000111100001111000011110000
1111000011110000111100001111000011110000111100001111000011110000
1111000011110000111100001111000011110000111100001111000011110000
1111000011110000111100001111000011110000111100001111000011110000
1111000011110000111100001111000011110000111100001111000011110000
1111000011110000111100001111000011110000111100001111000011110000
1111000011110000111100001111000011110000111100001111000011110000
1111000011110000111100001111000011110000111100001111000011110000
1111000011110000111100001111000011110000111100001111000011110000
1111000011110000111100001111000011110000111100001111000011110000
1111000011110000111100001111000011110000111100001111000011110000
1111000011110000111100001111000011110000111100001111000011110000
1111000011110000111100001111000011110000111100001111000011110000
1111000011110000111100001111000011110000111100001111000011110000
1111000011110000111100001111000011110000111100001111000011110000
1111000011110000111100001111000011110000111100001111000011110000
1111000011110000111100001111000011110000111100001111000011110000
1111000011110000111100001111000011110000111100001111000011110000
1111000011110000111100001111000011110000111100001111000011110000
1111000011110000111100001111000011110000111100001111000011110000
1111000011110000111100001111000011110000111100001111000011110000
1111000011110000111100001111000011110000111100001111000011110000
1111000011110000111100001111000011110000111100001111000011110000
1111000011110000111100001111000011110000111100001111000011110000
1111000011110000111100001111000011110000111100001111000011110000
1111000011110000111100001111000011110000111100001111000011110000
1111000011110000111100001111000011110000111100001111000011110000
1111000011110000111100001111000011110000111100001111000011110000
1111000011110000111100001111000011110000111100001111000011110000
1111000011110000111100001111000011110000111100001111000011110000
1111000011110000111100001111000011110000111100001111000011110000
1111000011110000111100001111000011110000111100001111000011110000
1111000011110000111100001111000011110000111100001111000011110000
1111000011110000111100001111000011110000111100001111000011110000
=
1
1